1,205
1,239
1,226
1,268
1,293
1,237
1,220
1,267
1,214
1,292
1,202
1,264
1,271
1,251
1,298
1,225
1,218
1,203
1,283
1,262
1,207
1,206
1,248
1,299
1,229
1,277
1,240
1,279
1,276
1,213
1,244
1,265
1,285
1,235
1,224
1,219
1,234
1,297
1,210
1,215
1,247
1,269
1,221
1,272
1,275
1,256
1,200
1,242
1,284
1,241
1,223
1,289
1,243
1,273
1,282
1,230
1,294
1,236
1,222
1,232
1,263
1,209
1,231
1,274
1,233
1,290
1,249
1,261
1,255
1,288
1,204
1,238
1,201
1,278
1,253
1,246
1,270
1,216
1,287
1,266
1,227
1,254
1,257
1,208
1,286
1,291
1,259
1,212
1,295
1,228
1,260
1,296
1,258
1,211
1,250
1,281
1,245
1,252
1,280
1,217
2,205
2,239
2,226
2,268
2,293
2,237
2,220
2,267
2,214
2,292
2,202
2,264
2,271
2,251
2,298
2,225
2,218
2,203
2,283
2,262
2,207
2,206
2,248
2,299
2,229
2,277
2,240
2,279
2,276
2,213
2,244
2,265
2,285
2,235
2,224
2,219
2,234
2,297
2,210
2,215
2,247
2,269
2,221
2,272
2,275
2,256
2,200
2,242
2,284
2,241
2,223
2,289
2,243
2,273
2,282
2,230
2,294
2,236
2,222
2,232
2,263
2,209
2,231
2,274
2,233
2,290
2,249
2,261
2,255
2,288
2,204
2,238
2,201
2,278
2,253
2,246
2,270
2,216
2,287
2,266
2,227
2,254
2,257
2,208
2,286
2,291
2,259
2,212
2,295
2,228
2,260
2,296
2,258
2,211
2,250
2,281
2,245
2,252
2,280
2,217
3,205
3,239
3,226
3,268
3,293
3,237
3,220
3,267
3,214
3,292
3,202
3,264
3,271
3,251
3,298
3,225
3,218
3,203
3,283
3,262
3,207
3,206
3,248
3,299
3,229
3,277
3,240
3,279
3,276
3,213
3,244
3,265
3,285
3,235
3,224
3,219
3,234
3,297
3,210
3,215
3,247
3,269
3,221
3,272
3,275
3,256
3,200
3,242
3,284
3,241
3,223
3,289
3,243
3,273
3,282
3,230
3,294
3,236
3,222
3,232
3,263
3,209
3,231
3,274
3,233
3,290
3,249
3,261
3,255
3,288
3,204
3,238
3,201
3,278
3,253
3,246
3,270
3,216
3,287
3,266
3,227
3,254
3,257
3,208
3,286
3,291
3,259
3,212
3,295
3,228
3,260
3,296
3,258
3,211
3,250
3,281
3,245
3,252
3,280
3,217
4,205
4,239
4,226
4,268
4,293
4,237
4,220
4,267
4,214
4,292
4,202
4,264
4,271
4,251
4,298
4,225
4,218
4,203
4,283
4,262
4,207
4,206
4,248
4,299
4,229
4,277
4,240
4,279
4,276
4,213
4,244
4,265
4,285
4,235
4,224
4,219
4,234
4,297
4,210
4,215
4,247
4,269
4,221
4,272
4,275
4,256
4,200
4,242
4,284
4,241
4,223
4,289
4,243
4,273
4,282
4,230
4,294
4,236
4,222
4,232
4,263
4,209
4,231
4,274
4,233
4,290
4,249
4,261
4,255
4,288
4,204
4,238
4,201
4,278
4,253
4,246
4,270
4,216
4,287
4,266
4,227
4,254
4,257
4,208
4,286
4,291
4,259
4,212
4,295
4,228
4,260
4,296
4,258
4,211
4,250
4,281
4,245
4,252
4,280
4,217
5,205
5,239
5,226
5,268
5,293
5,237
5,220
5,267
5,214
5,292
5,202
5,264
5,271
5,251
5,298
5,225
5,218
5,203
5,283
5,262
5,207
5,206
5,248
5,299
5,229
5,277
5,240
5,279
5,276
5,213
5,244
5,265
5,285
5,235
5,224
5,219
5,234
5,297
5,210
5,215
5,247
5,269
5,221
5,272
5,275
5,256
5,200
5,242
5,284
5,241
5,223
5,289
5,243
5,273
5,282
5,230
5,294
5,236
5,222
5,232
5,263
5,209
5,231
5,274
5,233
5,290
5,249
5,261
5,255
5,288
5,204
5,238
5,201
5,278
5,253
5,246
5,270
5,216
5,287
5,266
5,227
5,254
5,257
5,208
5,286
5,291
5,259
5,212
5,295
5,228
5,260
5,296
5,258
5,211
5,250
5,281
5,245
5,252
5,280
5,217
6,205
6,239
6,226
6,268
6,293
6,237
6,220
6,267
6,214
6,292
6,202
6,264
6,271
6,251
6,298
6,225
6,218
6,203
6,283
6,262
6,207
6,206
6,248
6,299
6,229
6,277
6,240
6,279
6,276
6,213
6,244
6,265
6,285
6,235
6,224
6,219
6,234
6,297
6,210
6,215
6,247
6,269
6,221
6,272
6,275
6,256
6,200
6,242
6,284
6,241
6,223
6,289
6,243
6,273
6,282
6,230
6,294
6,236
6,222
6,232
6,263
6,209
6,231
6,274
6,233
6,290
6,249
6,261
6,255
6,288
6,204
6,238
6,201
6,278
6,253
6,246
6,270
6,216
6,287
6,266
6,227
6,254
6,257
6,208
6,286
6,291
6,259
6,212
6,295
6,228
6,260
6,296
6,258
6,211
6,250
6,281
6,245
6,252
6,280
6,217
7,205
7,239
7,226
7,268
7,293
7,237
7,220
7,267
7,214
7,292
7,202
7,264
7,271
7,251
7,298
7,225
7,218
7,203
7,283
7,262
7,207
7,206
7,248
7,299
7,229
7,277
7,240
7,279
7,276
7,213
7,244
7,265
7,285
7,235
7,224
7,219
7,234
7,297
7,210
7,215
7,247
7,269
7,221
7,272
7,275
7,256
7,200
7,242
7,284
7,241
7,223
7,289
7,243
7,273
7,282
7,230
7,294
7,236
7,222
7,232
7,263
7,209
7,231
7,274
7,233
7,290
7,249
7,261
7,255
7,288
7,204
7,238
7,201
7,278
7,253
7,246
7,270
7,216
7,287
7,266
7,227
7,254
7,257
7,208
7,286
7,291
7,259
7,212
7,295
7,228
7,260
7,296
7,258
7,211
7,250
7,281
7,245
7,252
7,280
7,217
8,205
8,239
8,226
8,268
8,293
8,237
8,220
8,267
8,214
8,292
8,202
8,264
8,271
8,251
8,298
8,225
8,218
8,203
8,283
8,262
8,207
8,206
8,248
8,299
8,229
8,277
8,240
8,279
8,276
8,213
8,244
8,265
8,285
8,235
8,224
8,219
8,234
8,297
8,210
8,215
8,247
8,269
8,221
8,272
8,275
8,256
8,200
8,242
8,284
8,241
8,223
8,289
8,243
8,273
8,282
8,230
8,294
8,236
8,222
8,232
8,263
8,209
8,231
8,274
8,233
8,290
8,249
8,261
8,255
8,288
8,204
8,238
8,201
8,278
8,253
8,246
8,270
8,216
8,287
8,266
8,227
8,254
8,257
8,208
8,286
8,291
8,259
8,212
8,295
8,228
8,260
8,296
8,258
8,211
8,250
8,281
8,245
8,252
8,280
8,217
9,205
9,239
9,226
9,268
9,293
9,237
9,220
9,267
9,214
9,292
9,202
9,264
9,271
9,251
9,298
9,225
9,218
9,203
9,283
9,262
9,207
9,206
9,248
9,299
9,229
9,277
9,240
9,279
9,276
9,213
9,244
9,265
9,285
9,235
9,224
9,219
9,234
9,297
9,210
9,215
9,247
9,269
9,221
9,272
9,275
9,256
9,200
9,242
9,284
9,241
9,223
9,289
9,243
9,273
9,282
9,230
9,294
9,236
9,222
9,232
9,263
9,209
9,231
9,274
9,233
9,290
9,249
9,261
9,255
9,288
9,204
9,238
9,201
9,278
9,253
9,246
9,270
9,216
9,287
9,266
9,227
9,254
9,257
9,208
9,286
9,291
9,259
9,212
9,295
9,228
9,260
9,296
9,258
9,211
9,250
9,281
9,245
9,252
9,280
9,217
10,205
10,239
10,226
10,268
10,293
10,237
10,220
10,267
10,214
10,292
10,202
10,264
10,271
10,251
10,298
10,225
10,218
10,203
10,283
10,262
10,207
10,206
10,248
10,299
10,229
10,277
10,240
10,279
10,276
10,213
10,244
10,265
10,285
10,235
10,224
10,219
10,234
10,297
10,210
10,215
10,247
10,269
10,221
10,272
10,275
10,256
10,200
10,242
10,284
10,241
10,223
10,289
10,243
10,273
10,282
10,230
10,294
10,236
10,222
10,232
10,263
10,209
10,231
10,274
10,233
10,290
10,249
10,261
10,255
10,288
10,204
10,238
10,201
10,278
10,253
10,246
10,270
10,216
10,287
10,266
10,227
10,254
10,257
10,208
10,286
10,291
10,259
10,212
10,295
10,228
10,260
10,296
10,258
10,211
10,250
10,281
10,245
10,252
10,280
10,217
11,205
11,239
11,226
11,268
11,293
11,237
11,220
11,267
11,214
11,292
11,202
11,264
11,271
11,251
11,298
11,225
11,218
11,203
11,283
11,262
11,207
11,206
11,248
11,299
11,229
11,277
11,240
11,279
11,276
11,213
11,244
11,265
11,285
11,235
11,224
11,219
11,234
11,297
11,210
11,215
11,247
11,269
11,221
11,272
11,275
11,256
11,200
11,242
11,284
11,241
11,223
11,289
11,243
11,273
11,282
11,230
11,294
11,236
11,222
11,232
11,263
11,209
11,231
11,274
11,233
11,290
11,249
11,261
11,255
11,288
11,204
11,238
11,201
11,278
11,253
11,246
11,270
11,216
11,287
11,266
11,227
11,254
11,257
11,208
11,286
11,291
11,259
11,212
11,295
11,228
11,260
11,296
11,258
11,211
11,250
11,281
11,245
11,252
11,280
11,217
12,205
12,239
12,226
12,268
12,293
12,237
12,220
12,267
12,214
12,292
12,202
12,264
12,271
12,251
12,298
12,225
12,218
12,203
12,283
12,262
12,207
12,206
12,248
12,299
12,229
12,277
12,240
12,279
12,276
12,213
12,244
12,265
12,285
12,235
12,224
12,219
12,234
12,297
12,210
12,215
12,247
12,269
12,221
12,272
12,275
12,256
12,200
12,242
12,284
12,241
12,223
12,289
12,243
12,273
12,282
12,230
12,294
12,236
12,222
12,232
12,263
12,209
12,231
12,274
12,233
12,290
12,249
12,261
12,255
12,288
12,204
12,238
12,201
12,278
12,253
12,246
12,270
12,216
12,287
12,266
12,227
12,254
12,257
12,208
12,286
12,291
12,259
12,212
12,295
12,228
12,260
12,296
12,258
12,211
12,250
12,281
12,245
12,252
12,280
12,217
13,205
13,239
13,226
13,268
13,293
13,237
13,220
13,267
13,214
13,292
13,202
13,264
13,271
13,251
13,298
13,225
13,218
13,203
13,283
13,262
13,207
13,206
13,248
13,299
13,229
13,277
13,240
13,279
13,276
13,213
13,244
13,265
13,285
13,235
13,224
13,219
13,234
13,297
13,210
13,215
13,247
13,269
13,221
13,272
13,275
13,256
13,200
13,242
13,284
13,241
13,223
13,289
13,243
13,273
13,282
13,230
13,294
13,236
13,222
13,232
13,263
13,209
13,231
13,274
13,233
13,290
13,249
13,261
13,255
13,288
13,204
13,238
13,201
13,278
13,253
13,246
13,270
13,216
13,287
13,266
13,227
13,254
13,257
13,208
13,286
13,291
13,259
13,212
13,295
13,228
13,260
13,296
13,258
13,211
13,250
13,281
13,245
13,252
13,280
13,217
14,205
14,239
14,226
14,268
14,293
14,237
14,220
14,267
14,214
14,292
14,202
14,264
14,271
14,251
14,298
14,225
14,218
14,203
14,283
14,262
14,207
14,206
14,248
14,299
14,229
14,277
14,240
14,279
14,276
14,213
14,244
14,265
14,285
14,235
14,224
14,219
14,234
14,297
14,210
14,215
14,247
14,269
14,221
14,272
14,275
14,256
14,200
14,242
14,284
14,241
14,223
14,289
14,243
14,273
14,282
14,230
14,294
14,236
14,222
14,232
14,263
14,209
14,231
14,274
14,233
14,290
14,249
14,261
14,255
14,288
14,204
14,238
14,201
14,278
14,253
14,246
14,270
14,216
14,287
14,266
14,227
14,254
14,257
14,208
14,286
14,291
14,259
14,212
14,295
14,228
14,260
14,296
14,258
14,211
14,250
14,281
14,245
14,252
14,280
14,217
15,205
15,239
15,226
15,268
15,293
15,237
15,220
15,267
15,214
15,292
15,202
15,264
15,271
15,251
15,298
15,225
15,218
15,203
15,283
15,262
15,207
15,206
15,248
15,299
15,229
15,277
15,240
15,279
15,276
15,213
15,244
15,265
15,285
15,235
15,224
15,219
15,234
15,297
15,210
15,215
15,247
15,269
15,221
15,272
15,275
15,256
15,200
15,242
15,284
15,241
15,223
15,289
15,243
15,273
15,282
15,230
15,294
15,236
15,222
15,232
15,263
15,209
15,231
15,274
15,233
15,290
15,249
15,261
15,255
15,288
15,204
15,238
15,201
15,278
15,253
15,246
15,270
15,216
15,287
15,266
15,227
15,254
15,257
15,208
15,286
15,291
15,259
15,212
15,295
15,228
15,260
15,296
15,258
15,211
15,250
15,281
15,245
15,252
15,280
15,217
16,205
16,239
16,226
16,268
16,293
16,237
16,220
16,267
16,214
16,292
16,202
16,264
16,271
16,251
16,298
16,225
16,218
16,203
16,283
16,262
16,207
16,206
16,248
16,299
16,229
16,277
16,240
16,279
16,276
16,213
16,244
16,265
16,285
16,235
16,224
16,219
16,234
16,297
16,210
16,215
16,247
16,269
16,221
16,272
16,275
16,256
16,200
16,242
16,284
16,241
16,223
16,289
16,243
16,273
16,282
16,230
16,294
16,236
16,222
16,232
16,263
16,209
16,231
16,274
16,233
16,290
16,249
16,261
16,255
16,288
16,204
16,238
16,201
16,278
16,253
16,246
16,270
16,216
16,287
16,266
16,227
16,254
16,257
16,208
16,286
16,291
16,259
16,212
16,295
16,228
16,260
16,296
16,258
16,211
16,250
16,281
16,245
16,252
16,280
16,217
17,205
17,239
17,226
17,268
17,293
17,237
17,220
17,267
17,214
17,292
17,202
17,264
17,271
17,251
17,298
17,225
17,218
17,203
17,283
17,262
17,207
17,206
17,248
17,299
17,229
17,277
17,240
17,279
17,276
17,213
17,244
17,265
17,285
17,235
17,224
17,219
17,234
17,297
17,210
17,215
17,247
17,269
17,221
17,272
17,275
17,256
17,200
17,242
17,284
17,241
17,223
17,289
17,243
17,273
17,282
17,230
17,294
17,236
17,222
17,232
17,263
17,209
17,231
17,274
17,233
17,290
17,249
17,261
17,255
17,288
17,204
17,238
17,201
17,278
17,253
17,246
17,270
17,216
17,287
17,266
17,227
17,254
17,257
17,208
17,286
17,291
17,259
17,212
17,295
17,228
17,260
17,296
17,258
17,211
17,250
17,281
17,245
17,252
17,280
17,217
18,205
18,239
18,226
18,268
18,293
18,237
18,220
18,267
18,214
18,292
18,202
18,264
18,271
18,251
18,298
18,225
18,218
18,203
18,283
18,262
18,207
18,206
18,248
18,299
18,229
18,277
18,240
18,279
18,276
18,213
18,244
18,265
18,285
18,235
18,224
18,219
18,234
18,297
18,210
18,215
18,247
18,269
18,221
18,272
18,275
18,256
18,200
18,242
18,284
18,241
18,223
18,289
18,243
18,273
18,282
18,230
18,294
18,236
18,222
18,232
18,263
18,209
18,231
18,274
18,233
18,290
18,249
18,261
18,255
18,288
18,204
18,238
18,201
18,278
18,253
18,246
18,270
18,216
18,287
18,266
18,227
18,254
18,257
18,208
18,286
18,291
18,259
18,212
18,295
18,228
18,260
18,296
18,258
18,211
18,250
18,281
18,245
18,252
18,280
18,217
19,205
19,239
19,226
19,268
19,293
19,237
19,220
19,267
19,214
19,292
19,202
19,264
19,271
19,251
19,298
19,225
19,218
19,203
19,283
19,262
19,207
19,206
19,248
19,299
19,229
19,277
19,240
19,279
19,276
19,213
19,244
19,265
19,285
19,235
19,224
19,219
19,234
19,297
19,210
19,215
19,247
19,269
19,221
19,272
19,275
19,256
19,200
19,242
19,284
19,241
19,223
19,289
19,243
19,273
19,282
19,230
19,294
19,236
19,222
19,232
19,263
19,209
19,231
19,274
19,233
19,290
19,249
19,261
19,255
19,288
19,204
19,238
19,201
19,278
19,253
19,246
19,270
19,216
19,287
19,266
19,227
19,254
19,257
19,208
19,286
19,291
19,259
19,212
19,295
19,228
19,260
19,296
19,258
19,211
19,250
19,281
19,245
19,252
19,280
19,217
20,205
20,239
20,226
20,268
20,293
20,237
20,220
20,267
20,214
20,292
20,202
20,264
20,271
20,251
20,298
20,225
20,218
20,203
20,283
20,262
20,207
20,206
20,248
20,299
20,229
20,277
20,240
20,279
20,276
20,213
20,244
20,265
20,285
20,235
20,224
20,219
20,234
20,297
20,210
20,215
20,247
20,269
20,221
20,272
20,275
20,256
20,200
20,242
20,284
20,241
20,223
20,289
20,243
20,273
20,282
20,230
20,294
20,236
20,222
20,232
20,263
20,209
20,231
20,274
20,233
20,290
20,249
20,261
20,255
20,288
20,204
20,238
20,201
20,278
20,253
20,246
20,270
20,216
20,287
20,266
20,227
20,254
20,257
20,208
20,286
20,291
20,259
20,212
20,295
20,228
20,260
20,296
20,258
20,211
20,250
20,281
20,245
20,252
20,280
20,217
